/home/maddin/Desktop/BA/PriorNetworks/venv/bin/python /home/maddin/Desktop/BA/cc/docker/priornetworks/src/main_show_simplex.py --name simplex_test --model_name standard_same_normalization_trained_model_30-09-2020_21-28-47.tar
simplex_test
Files already downloaded and verified
Files already downloaded and verified
Using downloaded and verified file: resources/data/SVHN/train_32x32.mat
Using downloaded and verified file: resources/data/SVHN/test_32x32.mat
amount of training samples: 50000
amount of test samples: 10000
id_sample:
tensor(9)
tensor([ 6.2305, 11.6433, 11.6463,  1.5642,  6.1536,  0.8795,  5.4756,  1.0379,
         0.3595,  1.0132])
ood_sample:
tensor([0.9564, 0.9744, 1.0108, 0.9816, 1.0926, 0.9639, 0.9803, 1.0011, 0.9879,
        1.0165])
id_sample:
tensor(3)
tensor([ 0.9308,  1.9479,  1.1050, 87.5961,  0.8459,  6.7158, 15.0260,  1.0041,
         0.9526,  0.8470])
ood_sample:
tensor([0.9609, 0.9309, 1.0158, 0.9717, 1.0479, 0.9698, 0.9473, 0.9595, 1.0127,
        1.0046])
id_sample:
tensor(7)
tensor([ 1.3098,  2.1206,  0.9814,  1.1360,  0.8043,  6.1749,  0.7312, 54.0839,
         0.9697,  0.7296])
ood_sample:
tensor([0.9213, 0.9584, 0.9925, 0.9502, 1.0869, 0.9798, 0.9450, 0.9625, 1.0748,
        1.0400])
id_sample:
tensor(8)
tensor([  3.8816,   0.6088,   0.8379,   2.8476,   0.8348,   1.5469,   0.7569,
          1.0713, 218.7092,   1.5548])
ood_sample:
tensor([0.9641, 1.0831, 0.9846, 0.9185, 1.0448, 0.9987, 0.9134, 0.9719, 1.0606,
        0.9624])
id_sample:
tensor(6)
tensor([  0.9237,   0.9581,   0.4997,   2.3904,   4.8314,   1.0604, 114.5448,
          0.9301,   1.0879,   0.7031])
ood_sample:
tensor([0.9272, 1.0591, 0.9327, 0.9271, 1.0945, 0.9604, 1.0002, 1.0423, 0.9898,
        1.0044])
id_sample:
tensor(5)
tensor([ 1.0083,  0.7851,  1.0080,  0.9815,  0.8504, 10.0446,  0.7948, 33.9303,
         0.9111,  1.1355])
ood_sample:
tensor([1.0290, 0.9332, 1.0522, 0.9264, 1.1066, 0.9269, 0.9778, 0.9775, 1.0383,
        1.0805])
id_sample:
tensor(2)
tensor([  9.0733,   0.6476, 523.9518,   6.8121,   1.3365,   2.0601,   2.0419,
          0.6116,   0.9109,   0.9953])
ood_sample:
tensor([1.0562, 0.9453, 1.0181, 0.9801, 1.1013, 0.9016, 0.9684, 1.0710, 0.9538,
        0.9998])
id_sample:
tensor(8)
tensor([  8.7644,   3.8352,   2.3487,   3.1920,   0.6201,   0.9000,   0.8002,
          1.0791, 187.0634,   0.4425])
ood_sample:
tensor([1.0755, 1.0011, 1.0410, 0.9660, 1.0203, 0.8588, 0.9411, 1.0655, 0.9677,
        1.0757])
id_sample:
tensor(8)
tensor([  0.5454,   1.4130,   0.8002,   1.0933,   1.1378,   0.9942,   0.9381,
          1.0290, 194.4565,   1.4122])
ood_sample:
tensor([0.9610, 1.1025, 0.9894, 0.9254, 1.0119, 0.9036, 0.9481, 0.9348, 1.5486,
        1.1177])
id_sample:
tensor(0)
tensor([105.4849,   0.6292,   1.4317,   0.7171,   5.4351,   1.0545,   0.7070,
          1.2723,   1.8377,   0.8323])
ood_sample:
tensor([1.1263, 1.0484, 0.9561, 1.2700, 1.1163, 0.9107, 0.9362, 1.1466, 1.0007,
        0.9759])
id_sample:
tensor(4)
tensor([  0.8364,   0.9329,  15.5417,   1.9869, 188.8012,   1.4072,   1.2518,
          1.1678,   0.7739,   0.8839])
ood_sample:
tensor([0.9755, 1.0240, 0.9106, 1.0000, 1.0683, 0.9391, 0.9718, 1.0033, 0.9571,
        1.0461])
id_sample:
tensor(3)
tensor([ 3.4087, 12.2385,  0.6339, 14.3896,  0.5269,  3.2968,  0.6546,  1.0538,
        15.0724,  1.1064])
ood_sample:
tensor([1.1291, 1.1039, 0.8145, 1.0198, 1.0473, 1.0382, 0.9231, 0.9933, 1.0877,
        1.0247])
id_sample:
tensor(2)
tensor([ 0.6717,  1.0962,  4.5687,  1.0033, 57.2679,  1.1658, 32.9737,  0.6942,
         0.8105,  0.7594])
ood_sample:
tensor([0.9637, 1.1207, 0.9797, 0.9651, 1.0716, 0.9534, 0.9387, 0.9598, 1.0813,
        0.9959])
id_sample:
tensor(6)
tensor([1.6958e+00, 1.7066e+00, 1.6573e+00, 1.2199e+00, 8.4755e-01, 4.4135e-01,
        4.6132e+02, 9.2230e-01, 6.2466e-01, 3.1472e+00])
ood_sample:
tensor([2.3362, 0.7678, 1.9772, 0.8591, 0.9151, 0.9230, 0.9197, 0.9278, 6.5649,
        1.0648])
id_sample:
tensor(8)
tensor([ 0.8173,  0.8264,  0.6551,  1.1667,  1.6894,  0.7329,  0.9021,  1.0763,
        44.4406, 19.5046])
ood_sample:
tensor([0.9478, 1.0257, 1.0029, 0.9931, 1.1178, 0.9154, 0.9443, 1.0078, 1.0233,
        1.0158])
id_sample:
tensor(4)
tensor([7.0879e-01, 8.5798e-01, 1.2181e+00, 2.6045e+00, 2.3904e+03, 1.9426e+00,
        1.2470e+00, 3.7509e+00, 9.7351e-01, 8.6930e-01])
ood_sample:
tensor([0.9352, 1.0374, 0.9436, 0.9643, 1.0324, 0.9849, 0.9581, 0.9188, 1.0271,
        0.9440])
id_sample:
tensor(1)
tensor([  1.7908, 336.6326,   0.7565,   0.5992,   1.3188,   0.8177,   1.4817,
          1.0222,   0.7809,   1.8231])
ood_sample:
tensor([1.6845, 0.9271, 1.3436, 0.8774, 1.1507, 0.8698, 0.9209, 0.9884, 1.6195,
        0.9869])
id_sample:
tensor(0)
tensor([168.3636,   0.7140,  10.6458,   0.7593,   1.2238,   1.0983,   0.9518,
          0.6443,   1.9807,   0.9931])
ood_sample:
tensor([0.9426, 1.0290, 1.0371, 0.9210, 1.0029, 0.9867, 0.9726, 0.9462, 1.1399,
        0.9414])
id_sample:
tensor(1)
tensor([2.7558, 7.7726, 8.3297, 2.4595, 0.7370, 2.3979, 0.6877, 5.0527, 1.1331,
        2.7427])
ood_sample:
tensor([1.4110, 1.0322, 1.9736, 1.5719, 0.9891, 1.0822, 0.7421, 1.7272, 1.2309,
        1.1195])
id_sample:
tensor(9)
tensor([  0.5560, 102.8074,   1.3105,   0.5623,   0.8683,   1.0030,   1.7555,
          0.8394,   0.5351,   9.2958])
ood_sample:
tensor([0.9519, 1.0051, 0.9770, 0.9898, 1.0608, 0.9436, 0.9309, 0.9753, 1.1094,
        1.1021])
id_sample:
tensor(4)
tensor([  1.2147,   0.9816,   2.3740,   1.0344, 107.6085,   1.8596,   1.8422,
          0.9170,   0.8938,   0.7502])
ood_sample:
tensor([0.9637, 1.0184, 0.9777, 0.9334, 1.0409, 0.9703, 0.9542, 0.9748, 0.9935,
        0.9788])
id_sample:
tensor(1)
tensor([  0.8353, 356.0265,   0.9931,   1.3918,   0.8700,   1.0382,   0.7013,
          0.9439,   0.8539,   4.3982])
ood_sample:
tensor([1.0336, 1.1683, 0.8216, 1.3841, 1.0021, 1.0292, 1.0010, 0.9994, 1.0050,
        1.0799])
id_sample:
tensor(2)
tensor([ 2.0103,  0.8265, 53.4693,  2.1380,  0.6558,  1.0786,  3.6619,  1.5573,
         1.0321,  1.3111])
ood_sample:
tensor([1.0536, 1.0741, 0.9173, 0.9486, 1.0455, 0.9234, 0.9224, 0.9541, 1.0292,
        1.0124])
id_sample:
tensor(1)
tensor([ 3.6233, 33.3339,  0.4717,  0.9243,  1.4481,  0.8476,  0.8720,  0.5495,
         0.9611, 19.7023])
ood_sample:
tensor([0.8679, 1.2908, 0.8315, 2.0332, 0.9506, 2.1407, 0.9011, 0.9326, 1.1264,
        1.1469])
id_sample:
tensor(7)
tensor([  2.4771,   1.1176,   1.1244,   0.6147,   0.8797,   0.4919,   1.1524,
        286.1999,   0.6365,   5.6996])
ood_sample:
tensor([0.8678, 1.2364, 0.9369, 1.0430, 1.0699, 1.0445, 1.0307, 0.9272, 1.0923,
        0.8300])
id_sample:
tensor(8)
tensor([  0.6843,   6.5808,   0.9268,   0.6308,   0.9809,   1.0062,   0.9599,
          0.7641, 160.3079,   0.8125])
ood_sample:
tensor([0.9497, 1.0035, 0.9122, 0.9449, 1.0114, 1.1077, 0.9650, 0.9415, 0.9801,
        0.9639])
id_sample:
tensor(9)
tensor([ 1.4858, 16.4100,  0.7263,  1.2873,  0.8362,  0.9064,  0.8447,  0.6331,
         0.6969, 46.6931])
ood_sample:
tensor([1.2710, 1.0031, 0.9887, 0.8909, 0.9358, 0.9597, 0.9158, 0.9597, 1.1087,
        1.0773])
id_sample:
tensor(2)
tensor([ 2.3551,  2.8716,  7.7762,  9.8793, 16.1923,  0.8299,  4.9685,  4.3080,
         0.4749,  1.8345])
ood_sample:
tensor([0.9558, 0.9280, 0.9645, 1.0142, 1.0690, 0.9647, 0.9970, 0.9499, 1.0361,
        0.9864])
id_sample:
tensor(4)
tensor([  0.7676,   0.9261,   8.4324,   0.5575, 123.6647,   1.9123,   0.7612,
          2.7506,   1.4158,   0.9432])
ood_sample:
tensor([1.1358, 0.9349, 0.8945, 1.2030, 1.3112, 0.8028, 1.0196, 1.1845, 1.0207,
        1.2325])
id_sample:
tensor(9)
tensor([6.2647e-01, 1.2696e+00, 1.0764e+00, 9.3094e-01, 1.0536e+00, 8.7742e-01,
        1.1060e+00, 8.8374e-01, 7.4332e-01, 8.0065e+02])
ood_sample:
tensor([0.9352, 0.9698, 0.9733, 0.9601, 1.0473, 0.9606, 0.9247, 0.9776, 1.0372,
        0.9552])
id_sample:
tensor(7)
tensor([  1.4169,   1.2110,   0.5765,   1.8094,   2.0764,   1.1278,   1.0123,
        126.0527,   0.8999,   1.6534])
ood_sample:
tensor([0.8902, 1.0796, 1.0335, 0.9765, 1.0599, 0.9640, 0.9784, 0.9429, 1.2431,
        1.0202])
id_sample:
tensor(9)
tensor([  1.4150,   1.0112,   1.4034,   0.6463,   1.1557,   0.6974,   1.1335,
          1.2304,   0.6895, 349.2124])
ood_sample:
tensor([1.0998, 1.1434, 1.0115, 0.8878, 0.9902, 1.0444, 0.8825, 1.0722, 1.1444,
        0.9078])
id_sample:
tensor(1)
tensor([ 0.9342, 23.9168,  1.2086,  0.8962,  0.8828,  0.8122,  1.0281,  0.7887,
         0.4975, 67.8525])
ood_sample:
tensor([1.0188, 0.9720, 0.9885, 0.9266, 1.0497, 0.9241, 0.9444, 0.9647, 1.0579,
        1.0612])
id_sample:
tensor(4)
tensor([ 1.2167,  0.9281,  0.9650,  6.2498, 88.3682,  0.8306,  2.8886,  2.3945,
         1.2450,  1.1183])
ood_sample:
tensor([0.9824, 1.1322, 0.8639, 1.3689, 1.1473, 1.1204, 0.9250, 1.0953, 0.9001,
        1.0524])
id_sample:
tensor(1)
tensor([  0.6011, 295.1194,   0.8457,   0.8734,   1.1938,   1.2969,   1.6923,
          0.9278,   0.9479,   1.6654])
ood_sample:
tensor([1.0867, 1.0201, 0.9641, 0.8976, 1.0483, 0.9335, 0.9319, 1.0468, 1.0517,
        1.0953])
id_sample:
tensor(8)
tensor([  0.7223,   1.6989,   1.8473,   0.6867,   1.0117,   0.7157,   0.6967,
          0.9835,   4.4668, 289.9539])
ood_sample:
tensor([0.8407, 1.0841, 1.0751, 1.3434, 1.0511, 1.0801, 1.1512, 0.9684, 1.1429,
        1.0709])
id_sample:
tensor(0)
tensor([388.3852,   0.4669,   3.2488,   2.0462,   1.6293,   1.1736,   0.5907,
          1.5442,   1.6266,   2.0762])
ood_sample:
tensor([0.9187, 1.0701, 1.0238, 0.9199, 1.0345, 1.0326, 0.9439, 0.9556, 1.0661,
        0.9728])
id_sample:
tensor(1)
tensor([1.4127e+00, 1.0953e+03, 1.0243e+00, 1.5709e+00, 1.1864e+00, 1.3462e+00,
        1.2128e+00, 1.3946e+00, 5.2203e-01, 1.7637e+00])
ood_sample:
tensor([1.4157, 0.9572, 1.2055, 0.7787, 1.0344, 0.8783, 0.9913, 0.9673, 1.0789,
        1.1854])
id_sample:
tensor(9)
tensor([  0.8530,  12.4242,   0.7992,   0.9826,   0.6165,   0.7747,   2.7114,
          1.4650,   0.3991, 158.0943])
ood_sample:
tensor([1.0956, 0.9801, 1.0310, 0.9610, 1.1402, 0.9410, 0.9354, 1.0380, 0.9091,
        0.9181])
id_sample:
tensor(5)
tensor([ 1.0619,  1.4184,  0.3918,  7.2136,  1.2915, 74.2142,  0.8133,  1.4542,
         0.8730,  0.7242])
ood_sample:
tensor([2.4173, 1.0664, 5.8117, 1.5550, 2.0417, 1.0290, 0.9621, 0.8243, 1.2198,
        0.9549])
id_sample:
tensor(7)
tensor([ 1.4389,  1.0258,  1.4901,  3.5215, 68.2953,  1.2239,  3.0724,  2.4403,
         0.6492,  1.0034])
ood_sample:
tensor([0.8943, 1.0338, 0.9969, 1.0469, 1.1016, 0.9373, 0.9428, 0.9198, 1.0867,
        0.9544])
id_sample:
tensor(9)
tensor([ 0.6499, 46.5889,  0.9854,  0.6399,  1.2276,  0.9635,  1.3844,  1.0200,
         0.3680, 18.6055])
ood_sample:
tensor([1.0482, 0.9680, 1.1128, 0.9655, 1.0127, 0.9088, 0.9465, 0.9583, 1.0940,
        0.9733])
id_sample:
tensor(2)
tensor([ 0.6257,  2.0284, 45.2241,  5.4003, 16.6912,  1.9119,  1.1892,  1.1041,
         1.2652,  1.5633])
ood_sample:
tensor([0.8989, 1.0372, 1.0112, 1.3117, 1.1577, 1.0481, 0.9360, 1.0638, 1.3182,
        1.1933])
id_sample:
tensor(1)
tensor([7.2230e-01, 6.5917e+02, 1.1048e+00, 9.5927e-01, 1.4296e+00, 1.6300e+00,
        1.1221e+00, 9.7986e-01, 7.6620e-01, 5.4907e-01])
ood_sample:
tensor([0.9388, 1.1180, 0.7702, 2.5223, 1.4663, 1.0867, 1.0194, 1.6244, 0.9966,
        1.3565])
id_sample:
tensor(8)
tensor([19.1087,  0.8319,  4.6852,  1.5658,  1.0461,  1.6275,  0.8247,  0.7050,
        20.8722,  0.4505])
ood_sample:
tensor([1.6491, 0.9351, 1.2276, 4.2287, 2.2303, 1.6456, 0.9215, 1.4227, 0.9962,
        1.1169])
id_sample:
tensor(0)
tensor([ 3.6377,  2.1175,  0.6826,  1.5102,  1.4250,  0.6146,  1.0026,  0.8554,
        28.1512,  1.4398])
ood_sample:
tensor([0.9334, 0.9472, 0.9891, 0.9530, 1.0565, 0.9741, 0.9586, 0.9575, 1.0365,
        1.0491])
id_sample:
tensor(4)
tensor([ 1.0443,  0.9287,  0.5528, 27.1086, 29.0998,  5.0526,  0.8943, 34.5514,
         1.0499,  0.9337])
ood_sample:
tensor([0.9738, 0.9596, 0.9528, 0.9714, 1.0192, 0.9734, 0.9682, 0.9679, 0.9596,
        1.0101])
id_sample:
tensor(8)
tensor([ 0.9162,  2.1787,  7.9402, 19.5666,  0.5726,  1.2117,  6.8952,  0.8739,
         8.2150,  1.9124])
ood_sample:
tensor([0.9938, 1.0352, 1.0107, 1.1147, 1.0196, 0.9915, 0.9062, 1.0509, 0.9708,
        1.0622])
id_sample:
tensor(3)
tensor([  0.9984,   0.7974,   0.5885, 177.7951,   2.1278,   5.6578,  13.9910,
          2.3552,   0.6919,   3.7177])
ood_sample:
tensor([1.0334, 0.9614, 1.0299, 0.9522, 1.1029, 0.9233, 0.9621, 1.0353, 0.9947,
        1.0470])
id_sample:
tensor(5)
tensor([ 0.8647,  0.8231,  0.7445,  8.4800,  1.8150, 14.2188,  1.1554, 23.9129,
         0.6815,  0.9002])
ood_sample:
tensor([0.9564, 0.9040, 0.9620, 1.0161, 1.0118, 0.9517, 0.9289, 0.9901, 0.9723,
        1.0502])
id_sample:
tensor(8)
tensor([  1.7636,   0.4850,   0.8562,   0.7208,   0.9905,   1.0482,   0.9278,
          0.7703, 138.8466,   4.2684])
ood_sample:
tensor([0.9798, 0.9449, 0.9691, 1.0018, 1.0413, 0.9637, 0.9352, 1.0047, 0.9998,
        1.0926])
id_sample:
tensor(1)
tensor([  0.3953, 275.7021,   0.9882,   1.5026,   1.0839,   0.9980,   0.5897,
          0.8952,   2.3615,   5.1195])
ood_sample:
tensor([1.2847, 0.6449, 1.3848, 2.4351, 0.5374, 5.8080, 0.6447, 2.4818, 2.8946,
        1.3338])
id_sample:
tensor(7)
tensor([ 1.1390,  1.5457,  0.6450,  0.9411,  1.9501,  1.7605,  0.7855, 88.2266,
         1.3620,  1.1791])
ood_sample:
tensor([1.0075, 0.9735, 0.9854, 0.9482, 1.0825, 0.9097, 0.9534, 0.9587, 1.0386,
        1.0400])
id_sample:
tensor(0)
tensor([120.9484,   0.4551,   1.4721,   0.9353,   2.0481,   1.4723,   0.7365,
          0.8018,   9.7096,   0.8351])
ood_sample:
tensor([1.1058, 1.0962, 0.8871, 1.1590, 1.0692, 0.9224, 0.9020, 1.1109, 0.9949,
        1.0535])
id_sample:
tensor(0)
tensor([41.1044,  1.0388, 50.2742,  0.3629,  4.4931,  1.6177,  1.0525,  0.4823,
         1.2800,  0.7039])
ood_sample:
tensor([1.1448, 1.0314, 0.9150, 1.1560, 1.0251, 0.9067, 0.9171, 1.0245, 1.0678,
        1.0556])
id_sample:
tensor(0)
tensor([15.5754,  0.7094,  4.7877,  2.9301,  3.9306,  3.1297,  1.1571,  0.9435,
         0.9754,  1.0430])
ood_sample:
tensor([ 0.7187,  1.0751,  0.9866, 22.7122,  1.1584, 72.6383,  0.7848,  7.4286,
         0.7322,  1.0061])
id_sample:
tensor(0)
tensor([248.3710,   1.5318,   3.2517,   1.0182,   5.3069,   1.0927,   0.7973,
          1.4205,   0.5314,   0.8757])
ood_sample:
tensor([0.9461, 0.9883, 0.9870, 1.0211, 1.0810, 0.9838, 0.9650, 0.9684, 0.9921,
        1.0422])
id_sample:
tensor(8)
tensor([  1.9602,   1.2225,   0.9610,   0.8419,   1.4545,   1.1948,   0.9300,
          0.8735, 449.9889,   0.5879])
ood_sample:
tensor([2.0246, 1.1325, 1.1036, 2.5612, 1.2408, 0.9328, 1.0308, 1.0515, 1.6736,
        1.2414])
id_sample:
tensor(7)
tensor([27.8763,  0.5653,  4.8076,  0.7698,  4.3157,  1.3448,  0.7761, 12.2874,
         1.0452,  1.1501])
ood_sample:
tensor([1.2222, 0.9816, 0.9118, 2.8944, 1.0629, 1.2741, 0.9211, 1.3425, 1.0247,
        1.1657])
id_sample:
tensor(4)
tensor([  0.5643,   1.1384,   4.4647,   1.0179, 231.8225,   2.0464,   1.6724,
          3.4295,   0.7630,   0.7123])
ood_sample:
tensor([0.7900, 1.1182, 1.0213, 1.0247, 1.0359, 0.9997, 0.9391, 0.9342, 1.3722,
        0.9713])
id_sample:
tensor(5)
tensor([ 0.9077,  0.3862,  1.7874, 33.8406,  1.7962, 47.3591,  1.7663, 10.8793,
         0.5761,  1.1538])
ood_sample:
tensor([1.0667, 1.0931, 0.9437, 0.9649, 1.0948, 0.9027, 0.9669, 1.0079, 0.9745,
        1.0538])
id_sample:
tensor(7)
tensor([8.8632e-01, 1.3333e+00, 5.0486e-01, 8.4692e-01, 8.9162e-01, 1.9569e+00,
        9.9421e-01, 1.2531e+03, 1.1227e+00, 1.0778e+00])
ood_sample:
tensor([0.9056, 1.0829, 0.8681, 1.1704, 1.0885, 1.0891, 0.9538, 1.0513, 1.0251,
        1.0967])
id_sample:
tensor(5)
tensor([  0.7054,   1.6095,   1.9530, 182.4420,   0.8683,  84.1396,   3.7186,
          0.6451,   0.8708,   1.1694])
ood_sample:
tensor([1.0954, 1.1176, 0.8677, 1.1206, 1.0294, 0.9821, 0.9245, 0.8809, 0.9509,
        1.0223])
id_sample:
tensor(5)
tensor([  1.3783,   0.8892,   5.2242,   1.9643,   1.1389, 190.3514,   0.3416,
          7.4131,   0.9580,   0.6677])
ood_sample:
tensor([1.0705, 1.2607, 0.7522, 3.2988, 1.5346, 1.1270, 1.1108, 1.4962, 0.9550,
        1.2899])
id_sample:
tensor(5)
tensor([  1.0672,   1.1322,   0.8550,   7.9959,   0.7096, 192.7177,   0.5443,
          1.7541,   0.9075,   0.8926])
ood_sample:
tensor([1.1171, 1.1068, 0.9265, 1.0728, 1.0387, 0.9157, 0.9027, 1.1410, 0.9181,
        1.0749])
id_sample:
tensor(9)
tensor([  0.7540,   4.0093,   1.0414,   1.3485,   1.0831,   0.9391,   0.5902,
          1.0301,   0.9671, 164.7857])
ood_sample:
tensor([1.0129, 1.0812, 0.9608, 1.0159, 1.1391, 0.9043, 0.9491, 0.9982, 0.9853,
        1.0302])
id_sample:
tensor(4)
tensor([7.8592e-01, 1.1337e+00, 1.9968e+00, 5.4030e+00, 1.7826e+03, 3.0505e+00,
        1.0878e+00, 2.3659e+00, 8.8335e-01, 7.3246e-01])
ood_sample:
tensor([1.9180, 0.9503, 1.1549, 0.9551, 1.0317, 0.7717, 0.9126, 0.9949, 1.3346,
        1.2941])
id_sample:
tensor(6)
tensor([ 1.0438, 13.1385,  1.0867,  0.7184,  0.6702,  1.2802,  2.0961,  0.5583,
         3.4331,  7.9327])
ood_sample:
tensor([1.0074, 0.9790, 0.9999, 1.0064, 1.0667, 0.9331, 0.9345, 0.9966, 0.9363,
        1.0583])
id_sample:
tensor(9)
tensor([  2.6248,   0.4093,   1.1445,   0.7538,   2.2072,   0.5653,   2.2657,
          5.9635,   0.6387, 266.8039])
ood_sample:
tensor([1.2914, 1.2689, 0.9692, 1.3425, 1.0941, 0.8268, 0.8883, 0.9396, 1.2717,
        1.2288])
id_sample:
tensor(8)
tensor([  1.7469,   2.1783,   0.6308,   0.6172,   1.1765,   1.2944,   0.8832,
          0.9999, 186.9348,   0.5360])
ood_sample:
tensor([ 1.4522,  1.1235, 25.2882, 10.4340,  0.9507,  8.7851,  1.4195,  0.5998,
         1.2652,  0.9664])
id_sample:
tensor(8)
tensor([7.6706e-01, 8.0675e-01, 8.9604e-01, 8.4214e-01, 9.1391e-01, 1.2217e+00,
        1.1268e+00, 1.0129e+00, 8.3538e+02, 1.0040e+00])
ood_sample:
tensor([1.1007, 1.1997, 0.8150, 1.7894, 1.1352, 1.2882, 0.9019, 1.1719, 0.9855,
        1.0569])
id_sample:
tensor(3)
tensor([ 1.8947,  4.4819,  1.6555, 19.1254,  5.1719,  1.1369,  5.9386,  0.6295,
         1.6453,  2.7565])
ood_sample:
tensor([0.9417, 0.9585, 1.1127, 1.3209, 0.9775, 0.9100, 1.0169, 0.9228, 1.2510,
        1.2364])
id_sample:
tensor(9)
tensor([ 1.1941,  2.5754,  0.8816,  0.9693,  0.9957,  0.9673,  0.8513,  1.1000,
         0.5236, 99.5406])
ood_sample:
tensor([1.5548, 3.3059, 1.0394, 1.5081, 0.6787, 1.4295, 0.7824, 1.0943, 1.6150,
        2.4826])
id_sample:
tensor(5)
tensor([ 0.8730,  5.5865,  0.8217, 50.5707,  0.8063, 13.6378,  1.0824,  2.8464,
         1.0439,  1.2340])
ood_sample:
tensor([1.3273, 1.0624, 1.1658, 7.1719, 1.7394, 2.0271, 0.9804, 1.4545, 1.0568,
        1.1085])
id_sample:
tensor(8)
tensor([ 0.9504,  2.5762,  1.2432,  0.6829,  1.2056,  0.6866,  1.9423,  0.9772,
        98.9632,  1.0179])
ood_sample:
tensor([2.3799, 0.9510, 1.4517, 0.8866, 0.9830, 0.8608, 0.9244, 0.9666, 1.1903,
        0.9708])
id_sample:
tensor(3)
tensor([ 2.3955,  1.9774,  1.8908, 14.0157,  1.3741,  0.7906, 23.5056,  1.7548,
         0.4288,  2.8074])
ood_sample:
tensor([1.6777, 1.1364, 0.9171, 1.1286, 1.0711, 0.8798, 0.8245, 1.2356, 1.1042,
        1.0385])
id_sample:
tensor(2)
tensor([1.7603e+00, 1.0166e+00, 5.2482e+03, 8.8584e-01, 1.9174e+00, 1.4594e+00,
        2.6693e+00, 8.3808e-01, 8.3824e-01, 1.1203e+00])
ood_sample:
tensor([1.9506, 1.1485, 1.5324, 1.0426, 0.8866, 0.9221, 0.9428, 0.8208, 4.5458,
        1.0319])
id_sample:
tensor(3)
tensor([ 1.2126,  1.6362,  0.9479, 47.8927,  0.8493, 78.1010,  0.6264,  3.1083,
         1.1153,  0.7881])
ood_sample:
tensor([0.9201, 0.9519, 0.9799, 0.9921, 1.0425, 0.9685, 0.9885, 0.9398, 1.0024,
        1.0208])
id_sample:
tensor(0)
tensor([106.0357,   0.7535,   2.3584,   1.3998,   1.3366,   0.8462,   1.4172,
          0.7731,   1.5976,   2.1501])
ood_sample:
tensor([1.0579, 1.0462, 1.0688, 0.9299, 1.0890, 0.8993, 0.9303, 1.0125, 1.1131,
        1.0184])
Test Loss: 72.923; Test Error: 24.7%; Test ID precision: 302.0; Test OOD precision: 11.6; Test AUROC (MI): 99.8; Test AUROC (DE): 99.8;

Process finished with exit code 0